Number of vertices: 25
Last underestimate error: 0.0375
Last overestimate error: 0.00326086956522
Last total error: 0.006
Alphabet size: 3
Probability distribution of the vertices

0 given [22]
0.07 0.67 0.26
0.37 0.20 0.43
0.04 0.31 0.65


1 given [13]
0.15 0.18 0.67
0.45 0.39 0.16
0.73 0.12 0.15


2 given [9]
0.18 0.76 0.06
0.58 0.27 0.15
0.82 0.13 0.05


3 given []
0.07 0.92 0.02


4 given [20]
0.29 0.70 0.02
0.08 0.43 0.50
0.24 0.22 0.54


5 given [21]
0.37 0.57 0.06
0.67 0.28 0.05
0.36 0.46 0.18


6 given [3]
0.07 0.24 0.69
0.00 0.33 0.67
0.45 0.47 0.08


7 given [24]
0.54 0.30 0.15
0.13 0.07 0.79
0.47 0.45 0.08


8 given [3]
0.08 0.50 0.42
0.34 0.07 0.59
0.75 0.03 0.22


9 given [11]
0.09 0.71 0.20
0.74 0.07 0.18
0.83 0.05 0.12


10 given [9]
0.48 0.44 0.08
0.40 0.08 0.52
0.79 0.14 0.08


11 given [17]
0.13 0.44 0.42
0.31 0.07 0.61
0.89 0.07 0.04


12 given [16]
0.42 0.15 0.43
0.01 0.69 0.30
0.47 0.35 0.18


13 given [23]
0.28 0.10 0.62
0.12 0.86 0.02
0.00 0.83 0.17


14 given [24]
0.10 0.84 0.06
0.11 0.81 0.08
0.25 0.56 0.19


15 given [5]
0.45 0.13 0.42
0.05 0.04 0.91
0.26 0.52 0.22


16 given [1]
0.21 0.17 0.62
0.56 0.39 0.05
0.50 0.40 0.10


17 given [8]
0.77 0.18 0.05
0.37 0.00 0.63
0.44 0.51 0.05


18 given [15]
0.01 0.57 0.42
0.42 0.43 0.14
0.31 0.09 0.60


19 given [9]
0.31 0.48 0.21
0.67 0.07 0.26
0.71 0.09 0.20


20 given [13]
0.36 0.08 0.56
0.32 0.20 0.48
0.73 0.23 0.04


21 given [0]
0.23 0.18 0.59
0.42 0.26 0.32
0.59 0.25 0.16


22 given [23]
0.24 0.17 0.59
0.65 0.19 0.16
0.24 0.25 0.51


23 given [11]
0.06 0.02 0.92
0.35 0.50 0.15
0.34 0.05 0.61


24 given [12]
0.23 0.24 0.52
0.25 0.56 0.20
0.23 0.46 0.31


